world: 07743985-5344-4cab-85b1-33e738fbecf9
world-name: heaven
x: -17.5
y: 216.0
z: 2.5
yaw: -179.94320678710938
pitch: -0.7206882834434509
name: heaven
lastowner: 83aa1b0f-b98a-3a1d-8efb-3968ee621d57
