world: 07743985-5344-4cab-85b1-33e738fbecf9
world-name: heaven
x: -17.435597634480082
y: 226.0
z: -1121.5456766944196
yaw: 179.75689697265625
pitch: -1.4707083702087402
name: heavenlobby
lastowner: 83aa1b0f-b98a-3a1d-8efb-3968ee621d57
