world: 874118b8-ea43-4adb-bd5f-5aa7444ab1ef
world-name: hell
x: 10.023734512895183
y: 72.0
z: 29.107085061209467
yaw: -27.450000762939453
pitch: -1.1999938488006592
name: hell
lastowner: 83aa1b0f-b98a-3a1d-8efb-3968ee621d57
