world: b6fa9702-6133-4c4c-bfce-b6fe1375d9db
world-name: purgatory
x: 0.6079639798863694
y: 151.0
z: -3.9264958902732032
yaw: -179.85008239746094
pitch: -1.049989104270935
name: purgatory
lastowner: 83aa1b0f-b98a-3a1d-8efb-3968ee621d57
